gamma=5.0/3.0
PL=999.684439084338
PR=999.2889534081538
rhoL=0.9998106463254748
rhoR=0.9995732870781648
vxL=1.284337530764902e-05
vxR=2.894533808211854e-05
vyL=0.9900024856562781
vyR=0.9900056006446201
